-6.87643e+13
-6.6992e+13
-6.60576e+13
-6.55073e+13
-6.52215e+13
-6.51594e+13
-6.53159e+13
-6.56442e+13
-6.60801e+13
-6.64514e+13
-6.66628e+13
-6.68389e+13
-6.69497e+13
-6.69661e+13
-6.69953e+13
-6.70412e+13
-6.70578e+13
-6.70686e+13
-6.70099e+13
-6.69913e+13
-6.69693e+13
-6.7031e+13
-6.70585e+13
-6.70279e+13
-6.69943e+13
-6.70039e+13
-6.6982e+13
-6.69542e+13
-6.69374e+13
-6.69678e+13
-6.69919e+13
-6.70018e+13
-6.70132e+13
-6.70079e+13
-6.69618e+13
-6.68973e+13
-6.68512e+13
-6.68523e+13
-6.68732e+13
-6.68939e+13
-6.68475e+13
-6.67637e+13
-6.66429e+13
-6.65647e+13
-6.65389e+13
-6.65599e+13
-6.66045e+13
-6.66335e+13
-6.66808e+13
-6.67007e+13
-6.66669e+13
-6.6593e+13
-6.6522e+13
-6.64481e+13
-6.64263e+13
-6.63906e+13
-6.63711e+13
-6.63565e+13
-6.63748e+13
-6.63652e+13
-6.63837e+13
-6.64198e+13
-6.64334e+13
-6.63986e+13
-6.63763e+13
-6.63939e+13
-6.63913e+13
-6.64133e+13
-6.64861e+13
-6.658e+13
-6.66823e+13
-6.67645e+13
-6.67906e+13
-6.67192e+13
-6.66191e+13
-6.65598e+13
-6.64593e+13
-6.63576e+13
-6.63242e+13
-6.63543e+13
-6.63814e+13
-6.6418e+13
-6.64551e+13
-6.64566e+13
-6.64512e+13
-6.64504e+13
-6.64743e+13
-6.65321e+13
-6.66088e+13
-6.66154e+13
-6.65544e+13
-6.64995e+13
-6.64576e+13
-6.64288e+13
-6.64392e+13
-6.64305e+13
-6.63964e+13
-6.63997e+13
-6.64191e+13
-6.63738e+13
-6.63268e+13
-6.63029e+13
-6.62779e+13
-6.62594e+13
-6.62474e+13
-6.62328e+13
-6.61983e+13
-6.61639e+13
-6.61139e+13
-6.61356e+13
-6.61979e+13
-6.62031e+13
-6.62073e+13
-6.62188e+13
-6.63118e+13
-6.64291e+13
-6.65251e+13
-6.66092e+13
-6.66771e+13
-6.67361e+13
-6.67431e+13
-6.66718e+13
-6.65777e+13
-6.64934e+13
-6.63959e+13
-6.62855e+13
-6.6171e+13
-6.61173e+13
-6.60892e+13
-6.6071e+13
-6.6084e+13
-6.6105e+13
-6.61581e+13
-6.62186e+13
-6.6294e+13
-6.63727e+13
-6.64224e+13
-6.64328e+13
-6.64324e+13
-6.64196e+13
-6.64234e+13
-6.64167e+13
-6.64423e+13
-6.64938e+13
-6.64996e+13
-6.65093e+13
-6.64781e+13
-6.64375e+13
-6.63975e+13
-6.6394e+13
-6.63604e+13
-6.63194e+13
-6.63268e+13
-6.63281e+13
-6.63249e+13
-6.63251e+13
-6.63481e+13
-6.63552e+13
-6.63408e+13
-6.63631e+13
-6.64075e+13
-6.64462e+13
-6.64109e+13
-6.63704e+13
-6.63521e+13
-6.6293e+13
-6.62493e+13
-6.62096e+13
-6.61797e+13
-6.61312e+13
-6.61068e+13
-6.61414e+13
-6.61603e+13
-6.61617e+13
-6.61205e+13
-6.61008e+13
-6.61515e+13
-6.61732e+13
-6.61418e+13
-6.60991e+13
-6.60846e+13
-6.61225e+13
-6.61592e+13
-6.61453e+13
-6.60853e+13
-6.60168e+13
-6.60045e+13
-6.5966e+13
-6.58734e+13
-6.5773e+13
-6.56816e+13
-6.56254e+13
-6.56322e+13
-6.57067e+13
-6.57442e+13
-6.5764e+13
-6.57927e+13
-6.58242e+13
-6.58603e+13
-6.59056e+13
-6.59784e+13
-6.60018e+13
-6.60404e+13
-6.60774e+13
-6.61002e+13
-6.61501e+13
-6.6173e+13
-6.61834e+13
-6.61983e+13
-6.61808e+13
-6.61792e+13
-6.61518e+13
-6.61108e+13
-6.61213e+13
-6.61445e+13
-6.6169e+13
-6.62e+13
-6.62316e+13
-6.62175e+13
-6.61983e+13
-6.61412e+13
-6.60475e+13
-6.59801e+13
-6.59315e+13
-6.59201e+13
-6.59334e+13
-6.60219e+13
-6.61159e+13
-6.61714e+13
-6.62105e+13
-6.62367e+13
-6.62631e+13
-6.63e+13
-6.63154e+13
-6.63013e+13
-6.62587e+13
-6.62089e+13
-6.61745e+13
-6.61114e+13
-6.60842e+13
